DrivePoints(0,
);


DrivePoints(34,
-14,
-21,
-15,
-21,
-15,
-28,
-14,
-28,
-13,
-28,
-13,
-29,
-13,
-29,
-14,
-29,
-16,
-29,
-16,
-20,
-14,
-20,
-1,
-24,
0,
-24,
0,
-24,
0,
-25,
-1,
-25,
-1,
-25);


DrivePoints(120,
-9,
-6,
-8,
-5,
-7,
-4,
-6,
-3,
-5,
-3,
-3,
-4,
-1,
-5,
0,
-6,
0,
-9,
0,
-10,
0,
-11,
-1,
-13,
-2,
-13,
-2,
-14,
-2,
-13,
-2,
-13,
-2,
-13,
-1,
-11,
-1,
-9,
-1,
-7,
-2,
-6,
-3,
-5,
-5,
-4,
-5,
-4,
-6,
-5,
-7,
-6,
-8,
-7,
-8,
-8,
-8,
-9,
-8,
-9,
-9,
-10,
-9,
-9,
-9,
-9,
-9,
-8,
-10,
-7,
-10,
-6,
-11,
-5,
-12,
-5,
-13,
-5,
-14,
-6,
-15,
-7,
-15,
-8,
-15,
-10,
-14,
-12,
-13,
-12,
-13,
-12,
-14,
-13,
-14,
-13,
-14,
-13,
-15,
-12,
-16,
-10,
-16,
-8,
-16,
-7,
-15,
-5,
-14,
-4,
-12,
-4,
-11,
-4,
-10,
-4,
-9,
-5,
-9,
-6);


DrivePoints(40,
-16,
8,
-1,
8,
-1,
12,
-1,
12,
-1,
12,
0,
12,
0,
12,
0,
3,
0,
3,
-1,
3,
-1,
3,
-1,
3,
-1,
7,
-15,
7,
-14,
4,
-13,
3,
-14,
3,
-14,
3,
-14,
3,
-15,
3);


DrivePoints(86,
-7,
20,
-8,
21,
-9,
22,
-9,
23,
-10,
24,
-9,
26,
-8,
27,
-7,
28,
-5,
29,
-3,
28,
-1,
28,
-1,
27,
0,
26,
0,
24,
0,
23,
-1,
22,
-2,
21,
-3,
20,
-5,
19,
-8,
19,
-10,
19,
-12,
20,
-14,
21,
-16,
24,
-16,
25,
-16,
27,
-16,
28,
-16,
28,
-15,
29,
-15,
29,
-15,
28,
-15,
28,
-15,
27,
-15,
25,
-15,
24,
-14,
23,
-13,
22,
-12,
21,
-11,
21,
-9,
20,
-8,
20,
-8,
20,
-7,
20);


