


-11.240000000000002,
-49.0345,
-7.8328750000000005,
-49.0345,
-8.324625000000001,
-48.5251875,
-8.64075,
-48.015875,
-8.816375,
-47.5065625,
-8.8690625,
-46.9445625,
-8.816375,
-46.329875,
-8.64075,
-45.838125000000005,
-8.35975,
-45.43418750000001,
-7.938250000000001,
-45.08293750000001,
-7.464062500000001,
-44.854625000000006,
-6.954750000000001,
-44.784375000000004,
-3.5300625000000005,
-44.784375000000004,
-3.5300625000000005,
-44.1696875,
-3.4422500000000005,
-43.871125000000006,
-3.2490625000000004,
-43.800875000000005,
-3.0558750000000003,
-43.871125000000006,
-2.9680625000000003,
-44.1696875,
-2.9680625000000003,
-45.961062500000004,
-3.0558750000000003,
-46.25962500000001,
-3.2490625000000004,
-46.347437500000005,
-3.4422500000000005,
-46.25962500000001,
-3.5300625000000005,
-45.961062500000004,
-3.5300625000000005,
-45.346375,
-6.919625000000001,
-45.346375,
-7.464062500000001,
-45.451750000000004,
-7.9206875000000005,
-45.767875000000004,
-8.21925,
-46.29475000000001,
-8.324625000000001,
-46.979687500000004,
-8.254375000000001,
-47.5416875,
-8.0260625,
-48.015875,
-7.674812500000001,
-48.419812500000006,
-7.025,
-49.0345,
-3.5300625000000005,
-49.0345,
-3.5300625000000005,
-48.40225,
-3.4422500000000005,
-48.12125,
-3.2490625000000004,
-48.033437500000005,
-3.0558750000000003,
-48.12125,
-2.9680625000000003,
-48.40225,
-2.9680625000000003,
-50.21118750000001,
-3.0558750000000003,
-50.49218750000001,
-3.2490625000000004,
-50.580000000000005,
-3.4422500000000005,
-50.49218750000001,
-3.5300625000000005,
-50.21118750000001,
-3.5300625000000005,
-49.5789375,
-10.678,
-49.5789375,
-10.678,
-50.33412500000001,
-10.74825,
-50.615125000000006,
-10.959000000000001,
-50.702937500000004,
-11.152187500000002,
-50.615125000000006,
-11.240000000000002,
-50.33412500000001,



-5.690250000000001,
-35.880187500000005,
-5.690250000000001,
-41.51775000000001,
-4.724312500000001,
-41.219187500000004,
-3.9691250000000005,
-40.622062500000006,
-3.4773750000000003,
-39.7790625,
-3.30175,
-38.7604375,
-3.5125,
-37.4608125,
-3.7583750000000005,
-36.84598450000001,
-4.0569375,
-36.354234500000004,
-4.14475,
-36.1260625,
-4.0745000000000005,
-35.95043750000001,
-3.8813125000000004,
-35.86248450000001,
-3.6530000000000005,
-35.96785950000001,
-3.3368750000000005,
-36.4070625,
-3.0383125000000004,
-37.091859500000005,
-2.8275625000000004,
-37.917437500000005,
-2.7573125000000003,
-38.7604375,
-2.8100000000000005,
-39.445234500000005,
-2.985625,
-40.0600625,
-3.2841875000000003,
-40.622062500000006,
-3.6881250000000003,
-41.131375000000006,
-4.179875,
-41.55287500000001,
-4.70675,
-41.833875000000006,
-5.303875000000001,
-42.02706250000001,
-5.9361250000000005,
-42.079750000000004,
-6.5156875,
-42.02706250000001,
-7.060125000000001,
-41.8514375,
-7.551875000000001,
-41.570437500000004,
-8.008500000000002,
-41.1840625,
-8.394875,
-40.709875000000004,
-8.658312500000001,
-40.18300000000001,
-8.816375,
-39.603437500000005,
-8.8690625,
-38.971187500000006,
-8.816375,
-38.32123450000001,
-8.64075,
-37.7418125,
-8.3773125,
-37.214937500000005,
-7.990937500000001,
-36.740609500000005,
-7.516750000000001,
-36.354234500000004,
-6.972312500000001,
-36.0909375,
-6.3576250000000005,
-35.93273450000001,
-5.690250000000001,
-35.880187500000005,



-6.252250000000001,
-36.4421875,
-7.077687500000001,
-36.740609500000005,
-7.7450625,
-37.30260950000001,
-8.166562500000001,
-38.075359500000005,
-8.3070625,
-38.971187500000006,
-8.166562500000001,
-39.884437500000004,
-7.7450625,
-40.639625,
-7.095250000000001,
-41.20162500000001,
-6.252250000000001,
-41.51775000000001,



-11.240000000000002,
-30.260187500000004,
-3.5300625000000005,
-30.260187500000004,
-3.5300625000000005,
-28.0824375,
-3.4422500000000005,
-27.801437500000002,
-3.2490625000000004,
-27.713484500000007,
-3.0558750000000003,
-27.801437500000002,
-2.9680625000000003,
-28.0824375,
-2.9680625000000003,
-32.982234500000004,
-3.0558750000000003,
-33.26323450000001,
-3.2490625000000004,
-33.3511875,
-3.4422500000000005,
-33.26323450000001,
-3.5300625000000005,
-32.982234500000004,
-3.5300625000000005,
-30.804484500000008,
-10.678,
-30.804484500000008,
-10.678,
-32.4028125,
-10.74825,
-32.6838125,
-10.959000000000001,
-32.77148450000001,
-11.152187500000002,
-32.701234500000005,
-11.240000000000002,
-32.4028125,



-11.240000000000002,
-21.917859500000006,
-3.5300625000000005,
-21.917859500000006,
-3.5300625000000005,
-19.740109500000006,
-3.4422500000000005,
-19.459109500000004,
-3.2490625000000004,
-19.371437500000003,
-3.0558750000000003,
-19.459109500000004,
-2.9680625000000003,
-19.740109500000006,
-2.9680625000000003,
-24.640187500000003,
-3.0558750000000003,
-24.921187500000002,
-3.2490625000000004,
-25.008859500000007,
-3.4422500000000005,
-24.921187500000002,
-3.5300625000000005,
-24.640187500000003,
-3.5300625000000005,
-22.479859500000007,
-10.678,
-22.479859500000007,
-10.678,
-24.060484500000005,
-10.74825,
-24.3591875,
-10.959000000000001,
-24.446859500000006,
-11.152187500000002,
-24.3591875,
-11.240000000000002,
-24.060484500000005,



-5.813187500000001,
-10.765812500000001,
-5.1985,
-10.818359500000005,
-4.636500000000001,
-10.993984500000005,
-4.127187500000001,
-11.274984500000004,
-3.6530000000000005,
-11.6790625,
-3.2666250000000003,
-12.153109500000005,
-2.985625,
-12.679984500000005,
-2.8100000000000005,
-13.241984500000004,
-2.7573125000000003,
-13.856812500000002,
-2.8100000000000005,
-14.471359500000005,
-2.985625,
-15.051062500000002,
-3.2666250000000003,
-15.5779375,
-3.6530000000000005,
-16.051984500000003,
-4.127187500000001,
-16.438359500000004,
-4.636500000000001,
-16.719359500000007,
-5.1985,
-16.894984500000007,
-5.813187500000001,
-16.9478125,
-6.427875,
-16.894984500000007,
-6.9898750000000005,
-16.719359500000007,
-7.499187500000001,
-16.438359500000004,
-7.973375000000001,
-16.051984500000003,
-8.35975,
-15.5779375,
-8.64075,
-15.051062500000002,
-8.816375,
-14.471359500000005,
-8.8690625,
-13.856812500000002,
-8.816375,
-13.241984500000004,
-8.64075,
-12.679984500000005,
-8.35975,
-12.153109500000005,
-7.973375000000001,
-11.6790625,
-7.499187500000001,
-11.274984500000004,
-6.9898750000000005,
-10.993984500000005,
-6.427875,
-10.818359500000005,
-5.813187500000001,
-10.765812500000001,



-5.813187500000001,
-11.3278125,
-6.7791250000000005,
-11.5034375,
-7.587000000000001,
-12.065437500000002,
-8.1314375,
-12.8733125,
-8.3070625,
-13.856812500000002,
-8.113875,
-14.840312500000001,
-7.569437500000001,
-15.665609500000006,
-6.761562500000001,
-16.2101875,
-5.813187500000001,
-16.403234500000003,
-4.847250000000001,
-16.2101875,
-4.039375000000001,
-15.665609500000006,
-3.4773750000000003,
-14.840312500000001,
-3.30175,
-13.856812500000002,
-3.4773750000000003,
-12.8733125,
-4.039375000000001,
-12.065437500000002,
-4.847250000000001,
-11.5034375,
-5.813187500000001,
-11.3278125,



-4.952625,
-6.621062500000001,
-4.952625,
-4.8296875,
-1.3171875000000002,
-6.778984500000004,
-1.0713125000000001,
-6.972312500000001,
-1.0010625000000002,
-7.200484500000004,
-1.1064375000000002,
-7.481484500000004,
-1.3874375,
-7.604562500000001,
-1.5279375000000002,
-7.586859500000004,



-2.9680625000000003,
13.066640499999998,
-2.9680625000000003,
12.381562500000001,
-6.5156875,
11.152187500000002,
-2.9680625000000003,
9.940515499999998,
-2.9680625000000003,
9.255437500000001,
-8.113875,
8.114015499999997,
-8.113875,
7.850437500000001,
-8.2016875,
7.552015499999998,
-8.394875,
7.481765499999997,
-8.588062500000001,
7.552015499999998,
-8.675875000000001,
7.850437500000001,
-8.675875000000001,
9.360812500000002,
-8.588062500000001,
9.6418125,
-8.394875,
9.729765499999997,
-8.2016875,
9.6418125,
-8.113875,
9.360812500000002,
-8.113875,
8.658312500000001,
-3.72325,
9.6418125,
-7.23575,
10.818640499999997,
-7.23575,
11.486015499999997,
-3.72325,
12.6976875,
-8.113875,
13.628640499999998,
-8.113875,
12.926140499999997,
-8.2016875,
12.645140499999998,
-8.394875,
12.557187500000001,
-8.588062500000001,
12.645140499999998,
-8.675875000000001,
12.926140499999997,
-8.675875000000001,
14.453937500000002,
-8.588062500000001,
14.734937500000001,
-8.394875,
14.822890499999998,
-8.2016875,
14.734937500000001,
-8.113875,
14.453937500000002,
-8.113875,
14.190640499999999,



-5.813187500000001,
22.5855155,
-5.1985,
22.5326875,
-4.636500000000001,
22.3570625,
-4.127187500000001,
22.076062500000003,
-3.6530000000000005,
21.672265499999998,
-3.2666250000000003,
21.197937500000002,
-2.985625,
20.6710625,
-2.8100000000000005,
20.1090625,
-2.7573125000000003,
19.4945155,
-2.8100000000000005,
18.879687500000003,
-2.985625,
18.3002655,
-3.2666250000000003,
17.773390499999998,
-3.6530000000000005,
17.2990625,
-4.127187500000001,
16.9126875,
-4.636500000000001,
16.6316875,
-5.1985,
16.4560625,
-5.813187500000001,
16.403515499999997,
-6.427875,
16.4560625,
-6.9898750000000005,
16.6316875,
-7.499187500000001,
16.9126875,
-7.973375000000001,
17.2990625,
-8.35975,
17.773390499999998,
-8.64075,
18.3002655,
-8.816375,
18.879687500000003,
-8.8690625,
19.4945155,
-8.816375,
20.1090625,
-8.64075,
20.6710625,
-8.35975,
21.197937500000002,
-7.973375000000001,
21.672265499999998,
-7.499187500000001,
22.076062500000003,
-6.9898750000000005,
22.3570625,
-6.427875,
22.5326875,
-5.813187500000001,
22.5855155,



-5.813187500000001,
22.0235155,
-6.7791250000000005,
21.8478905,
-7.587000000000001,
21.285890499999997,
-8.1314375,
20.478015499999998,
-8.3070625,
19.4945155,
-8.113875,
18.5110155,
-7.569437500000001,
17.685437500000003,
-6.761562500000001,
17.1411405,
-5.813187500000001,
16.9478125,
-4.847250000000001,
17.1411405,
-4.039375000000001,
17.685437500000003,
-3.4773750000000003,
18.5110155,
-3.30175,
19.4945155,
-3.4773750000000003,
20.478015499999998,
-4.039375000000001,
21.285890499999997,
-4.847250000000001,
21.8478905,
-5.813187500000001,
22.0235155,



-8.675875000000001,
27.169187500000003,
-7.270875000000001,
27.169187500000003,
-8.078750000000001,
28.117562500000002,
-8.535375,
28.7849375,
-8.746125000000001,
29.2943905,
-8.816375,
29.768437500000005,
-8.7285625,
30.260187500000004,
-8.4826875,
30.6993905,
-8.184125000000002,
31.0155155,
-7.973375000000001,
31.120890499999998,
-7.762625000000001,
31.032937500000003,
-7.692375000000001,
30.822187500000002,
-7.7099375000000006,
30.716812500000003,
-7.850437500000001,
30.541187500000003,
-8.166562500000001,
30.1373905,
-8.254375000000001,
29.8035625,
-8.184125000000002,
29.3997655,
-7.973375000000001,
28.9431405,
-7.464062500000001,
28.240640499999998,
-6.550812500000001,
27.169187500000003,
-3.5300625000000005,
27.169187500000003,
-3.5300625000000005,
29.610515499999998,
-3.4422500000000005,
29.908937500000004,
-3.2490625000000004,
29.9968905,
-3.0558750000000003,
29.908937500000004,
-2.9680625000000003,
29.610515499999998,
-2.9680625000000003,
25.272437500000002,
-3.0383125000000004,
24.991437500000004,
-3.2490625000000004,
24.9037655,
-3.4246875000000006,
24.991437500000004,
-3.5125,
25.272437500000002,
-3.5125,
26.607187500000002,
-8.113875,
26.607187500000002,
-8.113875,
25.588562500000002,
-8.2016875,
25.307562500000003,
-8.394875,
25.219890499999998,
-8.588062500000001,
25.307562500000003,
-8.675875000000001,
25.588562500000002,



-11.240000000000002,
36.4421875,
-3.5300625000000005,
36.4421875,
-3.5300625000000005,
38.619937500000006,
-3.4422500000000005,
38.900937500000005,
-3.2490625000000004,
38.988890500000004,
-3.0558750000000003,
38.900937500000005,
-2.9680625000000003,
38.619937500000006,
-2.9680625000000003,
33.7201405,
-3.0558750000000003,
33.4391405,
-3.2490625000000004,
33.3511875,
-3.4422500000000005,
33.4391405,
-3.5300625000000005,
33.7201405,
-3.5300625000000005,
35.8978905,
-10.678,
35.8978905,
-10.678,
34.2995625,
-10.74825,
34.0185625,
-10.959000000000001,
33.9308905,
-11.152187500000002,
34.0011405,
-11.240000000000002,
34.2995625,



-11.240000000000002,
47.2081405,
-3.5300625000000005,
47.2081405,
-3.5300625000000005,
47.9457655,
-3.4422500000000005,
48.2441875,
-3.2490625000000004,
48.3321405,
-3.0558750000000003,
48.2441875,
-2.9680625000000003,
47.9457655,
-2.9680625000000003,
46.6461405,
-4.0745000000000005,
46.6461405,
-3.4949375000000003,
46.13668750000001,
-3.091,
45.5572655,
-2.8451250000000003,
44.9250155,
-2.7573125000000003,
44.2048125,
-2.8451250000000003,
43.4848905,
-3.1436875000000004,
42.7646875,
-3.6354375000000005,
42.1501405,
-4.2852500000000004,
41.693515500000004,
-5.0404375,
41.39481250000001,
-5.813187500000001,
41.289437500000005,
-6.585937500000001,
41.39481250000001,
-7.341125000000001,
41.693515500000004,
-7.973375000000001,
42.1501405,
-8.465125,
42.7646875,
-8.763687500000001,
43.4848905,
-8.8690625,
44.2225155,
-8.78125,
44.9250155,
-8.535375,
45.5572655,
-8.1314375,
46.13668750000001,
-7.551875000000001,
46.6461405,
-10.678,
46.6461405,
-10.678,
45.9085155,
-10.74825,
45.6275155,
-10.959000000000001,
45.5395625,
-11.152187500000002,
45.6275155,
-11.240000000000002,
45.9085155,



-5.813187500000001,
46.6461405,
-6.7791250000000005,
46.470515500000005,
-7.587000000000001,
45.9436405,
-8.1314375,
45.1708905,
-8.3070625,
44.2576405,
-8.1314375,
43.326687500000006,
-7.587000000000001,
42.5539375,
-6.7791250000000005,
42.0096405,
-5.813187500000001,
41.8340155,
-4.847250000000001,
42.0096405,
-4.039375000000001,
42.5539375,
-3.4773750000000003,
43.326687500000006,
-3.30175,
44.2576405,
-3.4773750000000003,
45.1708905,
-4.039375000000001,
45.9436405,
-4.847250000000001,
46.470515500000005,
-5.813187500000001,
46.6461405,



-10.678,
53.372437500000004,
-6.217125,
53.126562500000006,
-5.9185625,
53.0388905,
-5.830750000000001,
52.84556250000001,
-5.9185625,
52.6525155,
-6.217125,
52.56456250000001,
-10.678,
52.3186875,
-10.9063125,
52.3012655,
-11.275125000000001,
52.459187500000006,
-11.4331875,
52.84556250000001,
-11.275125000000001,
53.23193750000001,
-10.9063125,
53.372437500000004,
-10.678,
53.372437500000004,



-4.14475,
52.705062500000004,
-4.14475,
52.9686405,
-3.934,
53.4603905,
-3.4598125000000004,
53.6534375,
-2.9680625000000003,
53.442687500000005,
-2.774875,
52.9686405,
-2.774875,
52.705062500000004,
-2.9680625000000003,
52.231015500000005,
-3.4598125000000004,
52.0202655,
-3.9515625000000005,
52.231015500000005,
-4.14475,
52.705062500000004,
NaN,
-67.5629375,
